31
17
0000000000000000000000000000000
0000009000000000000000000000000
000000900000000002000000000b000
0000000000900000222000005555500
0999900009900000000000000505000
0000000000000000000000000050000
0000000900000444404000400000000
0000009990000088000404000000000
0a00000000000000800000400004400
6666600000000000000000004440000
6666644444000000000000000400000
0000008880000000000040000000000
0000008800044440000484440000000
0000000800008800004888880444000
0000000000008800048808800084440
0000000000000800000008000088800
0000000000000000000000000008000
