56
30
00000000000000000000000000000000000000000000000000000000
00000000000000000000000000000000000000000000000000000000
00000000000000000000000000000000000000000000000000000000
00000000000000000000000000000000000000000000000000000000
00000090909090000000000000000000000000000090909090000000
00000099999990000000000000000000000000000099999990000000
00000009555900000000000444444444000000000009111900000000
00000009555900000000000088888880000000000009111900000000
00000009555900000000000008008800000000000009111900000000
00000009959900000000000000008800000000000009919900000000
00000009999900000000000000088000000000000009999900000000
00000000000900000900900000888000000000000009000000000000
00000000a0000000099090000008000000000000000000b000000000
00000009900000044444444000000000000000000000009900000000
00044009900990008448480000000000000000000099009900444000
00080009999900008848800000000000444000000009999900880000
00000009900900000888800000004444444444000009009900080000
00000000000900000088000044444488448880000009000000000000
00000000000900000008000008844888888800000009000000000000
00000009999900000000000008884880000800000009999900000000
00000000009900000000000000888800000000000009900000004400
04444400000900000044400000000000880000000009000000444800
00888000000000000088000000000008888000000000000000088000
00880000000000000008004440088888880000000000000000008000
00080009000044444000000844008888000004444000000900000000
00000009990008880000000888000800000008880000099900000000
00000009999900800000000080000000000000880009999900000000
00000009999900000000000000000000000000800009999900000000
00000009999900000000000000000000000000000009999900000000
00000009999900000000000000000000000000000009999900000000
