30
16
000000000000000000000000000000
000000000000009990000000000000
000000000000000000000000000000
0999990000090000000000000000b0
000000000990000099999990009999
000000000000000000000000000000
009999000000090000000000000000
000000000000000009909900000000
000000000000000000000000000000
000000000990990900000000999090
000000900000000000000000000000
000000000000000000000000000000
a00000000000000000000000000000
909099990000000000090990000000
000000000000000099000000000000
000000000000000000000000000000
